c
c comments Weighted Max-SAT
c
p wcnf  250 395 1000000000
1000000000 236 111 213 239 169 117 187 44 56 42 53 134 212 39 164 15 209 46 106 23 146 158 104 193 228 220  0
1000000000 -127 0
1000000000 -46 0
1000000000 -237 0
1000000000 -156 0
1000000000 -146 0
1000000000 -215 0
1000000000 -142 0
1000000000 -74 0
1000000000 -137 0
1000000000 -212 0
1000000000 -70 0
1000000000 -115 0
1000000000 -39 0
1000000000 -125 0
1000000000 -89 0
1000000000 -79 0
1000000000 -45 0
1000000000 -88 0
1000000000 -235 0
1000000000 -193 0
1000000000 -3 0
1000000000 -15 0
1000000000 -135 0
1000000000 -206 0
1000000000 -140 0
1000000000 -47 0
1000000000 -151 0
1000000000 -202 0
1000000000 -86 0
1000000000 -244 0
1000000000 -108 0
1000000000 -214 0
1000000000 -155 0
1000000000 -6 0
1000000000 -78 0
1000000000 118 242 88 189 49 18 62 152 13 14 243 11 117 197 235 113 227 125 127 10 198 48 217  0
1000000000 20 13 153 147 175 81 139 154 2 190 36 226 115 54 76 116 64 38 172 246 234 108 85 62 164  0
1000000000 -83 0
1000000000 -136 0
1000000000 -164 0
1000000000 -131 0
1000000000 -188 0
1000000000 -147 0
1000000000 -170 0
1000000000 -182 0
1000000000 -10 0
1000000000 -197 0
1000000000 -158 0
1000000000 -168 0
1000000000 -12 0
1000000000 -132 0
1000000000 -242 0
1000000000 -219 0
1000000000 -49 0
1000000000 -181 0
1000000000 -209 0
1000000000 -200 0
1000000000 -234 0
1000000000 -145 0
1000000000 -236 0
1000000000 -22 0
1000000000 -48 0
1000000000 -114 0
1000000000 -113 0
1000000000 -201 0
1000000000 -34 0
1000000000 -198 0
1000000000 -38 0
1000000000 -134 0
1000000000 -175 0
1000000000 -76 0
1000000000 -8 0
1000000000 -185 0
1000000000 -116 0
1000000000 -174 0
1000000000 -150 0
1000000000 146 131 98 166 93 24 231 119 94 191 114 128 134 15 196 21 148 79  0
1000000000 -248 0
1000000000 -24 0
1000000000 -223 0
1000000000 -106 0
1000000000 -61 0
1000000000 -199 0
1000000000 -229 0
1000000000 174 141 83 31 1 2 110 223 182 242 213 72 222 206 198 117 152 164 135 176 154 67 20  0
1000000000 210 27 71 52 194 96 217 33 48 206 60 240 98 196 216 228 164 41 103  0
1000000000 241 193 109 125 75 58 177 23 1 56 210 44 99 106 182 166 157 61 4 164 6 19 54 189 214  0
1000000000 158 18 243 10 87 72 246 228 190 4 23 86 39 181 224 202 173 176 32 160 222  0
1000000000 -75 0
1000000000 -179 0
1000000000 -90 0
1000000000 -81 0
1000000000 -207 0
1000000000 -60 0
1000000000 -44 0
1000000000 -55 0
1000000000 -173 0
1000000000 -7 0
1000000000 -32 0
1000000000 -192 0
1000000000 -23 0
1000000000 -67 0
1000000000 -62 0
1000000000 -73 0
1000000000 -71 0
1000000000 -101 0
1000000000 -217 0
1000000000 -172 0
1000000000 -221 0
1000000000 -91 0
1000000000 -65 0
1000000000 -53 0
1000000000 -54 0
1000000000 -203 0
1000000000 -20 0
1000000000 -9 0
1000000000 -196 0
1000000000 -43 0
1000000000 -225 0
1000000000 -218 0
1000000000 -149 0
1000000000 -33 0
1000000000 -52 0
1000000000 -194 0
1000000000 -104 0
1000000000 -82 0
1000000000 -213 0
1000000000 -85 0
1000000000 -186 0
1000000000 -166 0
1000000000 -243 0
1000000000 -5 0
1000000000 -87 0
1000000000 -180 0
1000000000 -227 0
1000000000 -247 0
1000000000 -126 0
1000000000 -231 0
1000000000 -233 0
1000000000 -245 0
1000000000 -139 0
1000000000 -37 0
1000000000 -176 0
1000000000 -80 0
1000000000 -122 0
1000000000 -99 0
1000000000 -36 0
1000000000 -77 0
1000000000 -130 0
1000000000 -238 0
1000000000 -128 0
1000000000 -13 0
1000000000 -120 0
1000000000 -109 0
1000000000 -2 0
1000000000 -191 0
1000000000 -189 0
1000000000 10 39 47 87 150 60 20 113 26 139 12 195 243 121 201 227 2 8 49 42 210 154 247 203  0
1000000000 -66 0
1000000000 -68 0
1000000000 -19 0
1000000000 -204 0
1000000000 -246 0
1000000000 -153 0
1000000000 -92 0
1000000000 -148 0
1000000000 -107 0
1000000000 243 114 229 45 108 37 9 184 117 92 76 89 8 145 100 39 135 212 54 224  0
1000000000 249 190 94 217 76 109 65 160 156 8 18 56 157 128 79 116 106 61 77 120 214 29 146 15 141 38 191 12 132 236 162 178 64 1 234 129 91  0
1000000000 131 39 109 174 31 216 248 38 203 98 231 74 218 141 102 207 23 223 221 217 222 53 61 20 225 154 117 214 164 73 16 215  0
1000000000 42 139 188 144 194 115 163 190 19 18 99 81 80 243 30 7 75 125 58 89 41 179 11 214 218  0
1000000000 68 120 40 172 193 186 134 226 145 91 41 224 106 119 49 228  0
1000000000 44 218 167 242 145 146 226 165 66 50 237 88 219 119 129 240 61 143 101 216 132 81 18 31 22 69 185 206  0
1000000000 137 242 215 39 184 245 192 77 22 35 130 59 187 65 147 49 229 12 228  0
1000000000 240 184 22 232 93 181 203 236 182 32 196 193 98 61 177 48 245 114 30 192 205 227 133 128 117 21 99 200 210  0
1000000000 -51 0
1000000000 -84 0
1000000000 -232 0
1000000000 -211 0
1000000000 -105 0
1000000000 -205 0
1000000000 36 79 175 155 228 219 1 12 73 23 15 90 42 86 10 68 225 74  0
1000000000 -157 0
1000000000 -216 0
1000000000 -138 0
1000000000 -31 0
1000000000 -143 0
1000000000 -183 0
1000000000 -124 0
1000000000 222 177 7 144 229 98 179 82 68 86 197 193 250 190 200 106 9 231 75 132 238 161 109 178 240  0
1000000000 118 227 231 212 94 106 123 144 187 205 58 92 115 65  0
1000000000 104 235 13 122 46 112 217 131 195 199 37 179 22 247 118 101 229 206 154 80 21 148 3 59  0
1000000000 -98 0
1000000000 -17 0
1000000000 -41 0
1000000000 -103 0
1000000000 -16 0
1000000000 -190 0
1000000000 -249 0
1000000000 200 83 70 113 4 112 215 173 87 71 21 233 208 36 29 26 243 78 229 158 133 67 178 206 20  0
1000000000 -95 0
1000000000 -102 0
1000000000 -230 0
1000000000 -222 0
1000000000 -1 0
1000000000 -133 0
1000000000 -97 0
1000000000 -250 0
1000000000 -100 0
1000000000 -72 0
1000000000 -239 0
1000000000 -64 0
1000000000 -159 0
1000000000 -177 0
1000000000 -144 0
1000000000 210 143 67 1 76 245 214 197 51 93 59 178 159 237 15 56 161 50 147 139 185 162 84 156 132  0
1000000000 -226 0
1000000000 235 138 48 67 199 216 36 245 107 191 204 210 228 29 123 1 161 91 113 35 143 100 221  0
1000000000 226 106 213 116 165 163 147 133 125 31 104 67 75 78 112 153 56 249 1 123 230  0
1000000000 -129 0
1000000000 -118 0
1000000000 134 174 52 47 96 139 117 185 111 3 45 193 13 104 12 29 53 33 138 215 169  0
1000000000 36 20 64 158 236 106 32 140 65 112 239 219 170 95 229 228 214 97 175 109  0
1000000000 -112 0
1000000000 98 26 38 176 213 212 205 140 229 33 119 73 163 225 63 248 127 224 108 158 30 5  0
1000000000 58 35 169 31 1 9 112 28 177 133 68 135 7 243 24 128 233 238 79 23 86 205  0
1000000000 186 13 169 46 80 138 204 34 18 146 94 224 159 110 178 155 26 77 56  0
1000000000 -171 0
1000000000 -14 0
1000000000 -141 0
1000000000 127 197 55 247 138 92 120 10 57 226 179 248 134 85 83 146 214 177 161 95 217 32 89 176 91  0
1000000000 -111 0
1000000000 -35 0
1000000000 -28 0
1000000000 -69 0
1000000000 -56 0
1000000000 225 105 98 125 241 111 221 246 47 50 68 143 243 92 201 240 206 224 118 247 228 238 220 22  0
1000000000 -165 0
1000000000 30 182 105 59 207 203 76 9 246 3 158 81 106 178 100 215 142 26 192 128 73 50 7  0
1000000000 103 174 58 3 88 67 245 217 33 41 219 87 124 236 101 175 55 218 108 31 14 45 118 43 78  0
1000000000 -93 0
1000000000 -169 0
1000000000 -30 0
1000000000 24 72 88 161 112 211 146 246 75 186 69 123 193 167 16 106 150 87 208 143 70 71 124 38 90 64 35 145 46 156  0
1000000000 172 40 89 154 173 55 146 27 151 53 100 222 177 48 204 42 162 70  0
1000000000 247 77 110 146 217 102 85 229 48 35 9 67 188 121 222 170 75 79 225 152 119 238 23 125 237 132  0
1000000000 -25 0
1000000000 -63 0
1000000000 -4 0
1000000000 -94 0
1000000000 -29 0
1000000000 -224 0
1000000000 107 127 154 194 191 19 186 46 215 133 70 156 124 129 189 135 37 68 113 106 112 4 153 56 243 164 152 246  0
1000000000 50 152 124 149 52 29 46 16 71 140 68 99 63 20 81 154 195 107 9 143 1 83 117 85 174  0
1000000000 -162 0
1000000000 199 81 83 169 126 214 190 218 47 19 61 75 242 238 161 184 247 181  0
1000000000 -18 0
1000000000 -184 0
1000000000 -110 0
1000000000 -11 0
1000000000 -42 0
1000000000 -220 0
1000000000 -195 0
1000000000 -96 0
1000000000 119 181 150 126 113 184 207 112 241 140 144 213 73 180 219 84  0
1000000000 -27 0
1000000000 -40 0
1000000000 -208 0
1000000000 165 139 169 49 135 15 77 221 216 235 34 60 177 42 230 229 246 224 226 240 154 187 57  0
1000000000 -160 0
1000000000 -21 0
1000000000 -57 0
1000000000 -241 0
1000000000 147 194 188 227 83 121 210 197 86 65 125 228 23 10 246 200 21 145 39 155 142 108 189 14 29 185  0
1000000000 106 160 166 173 105 249 119 195 219 221 226 113 31 101 10 75 80 147 30 116 142 178 212 100 29 127 183  0
1000000000 12 84 202 192 167 91 211 82 140 70 54 58 120 64 204 165 200  0
1000000000 236 182 58 141 122 246 206 78 140 20 63 185 233 34 89 100 113 119 186 145 123 205  0
1000000000 -152 0
1000000000 -167 0
1000000000 -187 0
1000000000 188 33 97 206 104 54 105 182 129 125 93 201 82 180 36 64 138 73 186 246 178 79  0
1000000000 192 206 187 134 31 216 78 34 142 105 180 59 46 57 67 166 27 117 16 156 209 100 86 11 183 92  0
1000000000 163 167 7 194 18 229 159 197 101 226 232 99 37 248 83 84 193 245 90 196 224 100 16 93 6 140 150  0
1000000000 -59 0
1000000000 49 141 214 58 204 219 137 17 167 198 178 180 170 4 199 122 14 142 114 70 44 8 194 159 115 108 193 240 82 118 79 215 83 89 129  0
1000000000 199 238 207 211 16 50 131 87 214 240 162 182 209 46 171 237 176 99 39 126 161 121 243 94 47 103  0
1000000000 51 220 113 178 205 111 247 222 88 170 158 249 194 120 24 21 231 242 144 70  0
1000000000 97 109 142 236 227 120 178 113 133 144 218 10 152 32 46 240 53 163 47 154 191  0
1000000000 89 224 6 3 15 118 152 179 119 164 49 214 59 188 139 248 14 44 10 121 228 189  0
1000000000 29 244 154 56 187 191 43 217 238 65 16 49 7 248 99 150 15 221 201 210  0
1000000000 152 70 237 127 58 132 90 110 170 26 190 99 158 87 94 206 121 107 91 250 191  0
1000000000 85 153 198 6 115 104 205 84 140 130 186 27 171 69 44 218 250 79 161 1 178  0
1000000000 -121 0
1000000000 -50 0
1000000000 32 142 211 125 160 73 120 136 228 207 62 202 237 235 119 193 186 51 195  0
1000000000 78 117 181 223 158 42 162 213 152 95 147 196 19 29 115 226 148 217 246 85 96 216 102 71  0
1000000000 154 149 189 35 224 75 12 137 46 200 64 148 244 6 96 70 138 198 170 162 120 241 168 187  0
1000000000 127 207 201 18 158 248 188 104 187 223 60 221 24 68 176 210 208 38 79 48 31 178  0
1000000000 161 183 22 67 227 144 10 185 52 246 63 100 77 104 204 72 31 12 33 101 248 70  0
1000000000 -240 0
1000000000 -210 0
1000000000 207 203 41 113 24 222 53 58 144 189 132 194 239 89 234 118 187 74 79 5 241 224 102 111 236 31 70  0
1000000000 161 241 122 25 162 64 192 196 12 2 186 195 204 134 91 81 119 43 20 223 179 212  0
1000000000 152 219 204 173 96 160 65 94 119 77 210 161 112 234 178 159  0
1000000000 67 7 85 39 193 240 98 63 49 243 65 46 113 184 35 90 213 88 117 102 241 13 31 114  0
1000000000 -26 0
1000000000 -123 0
1000000000 190 2 240 227 105 201 84 126 247 63 107 30 204 228 244 53 230  0
1000000000 221 67 66 104 165 105 73 13 172 3 127 219 81 4 58 17 228 111 159 60 248 46 187 83 138 88 82 237 232 142  0
1000000000 204 161 148 139 112 86 63 42 27 72 149 36 227 96 123 127 187 22  0
1000000000 160 41 114 169 148 18 112 97 150 167 32 79 163 6 47 172 31 195 5 243 193 212 200 15 124  0
1000000000 152 70 198 175 83 148 129 117 162 250 9 243 160 59 209 99 105 234 212 241 55 240  0
1000000000 155 108 56 154 58 75 226 131 204 240 179 35 39 134 168 81 16 13 202 139 248 26 43  0
1000000000 60 114 121 176 21 28 81 7 129 63 160 191 218 18 213 221 12 54 189 237 19 88 72 100 240 156 119 128 241  0
1000000000 159 97 225 59 178 229 130 53 210 84 158 224 146 189 177 204 147 93 40 135  0
1000000000 172 11 195 116 180 43 169 101 129 205 153 73 157 117 92 198 118 150  0
1000000000 4 219 161 59 55 171 108 233 215 57 142 12 5 41 125 209 176 67 141 64 138  0
1000000000 67 44 105 196 95 16 110 186 77 180 48 157 229 230 133 54 81 85 14 58 23 239 245 72 71  0
1000000000 55 59 27 154 61 179 160 104 137 168 35 97 48 20 105 241 65 44  0
1000000000 199 107 184 235 98 28 50 128 240 238 197 11 122 227 24 117 20 163 94 93  0
1000000000 75 101 192 242 230 60 22 154 40 212 222 203 118 236 16 67 94 83  0
1000000000 87 104 147 75 57 107 202 183 125 159 211 173 117 230 138 176 212 116 1  0
1000000000 182 64 216 36 58 30 96 218 82 28 22 207 233 25 13 175 45 26 90 230 191 124  0
1000000000 246 156 30 125 83 161 137 154 121 42 116 63 5 229 92 164 147 225 214 177 102  0
1000000000 44 39 182 43 180 247 163 118 96 157 66 155 234 236  0
1000000000 140 70 120 147 56 189 96 55 188 168 222 98 185 117 80 35  0
1000000000 194 85 208 33 104 27 41 119 178 113 61 238 22 47 88 209 15 124 127 175 73 214  0
1000000000 178 34 194 246 111 113 60 230 219 132 73 238 78 21 144 239 229 98 46 35 157 237 25  0
1000000000 114 103 180 240 107 231 217 226 190 31 148 160 131 40 172 197 80 143 105 154 232 10 224 183  0
1000000000 96 133 28 67 142 10 36 82 122 103 116 124 169 41 18 113 91 19 217 239 1 100 45 150 154  0
1000000000 204 163 27 238 50 11 53 138 198 223 130  0
1000000000 20 89 73 27 112 41 213 187 106 175 227 169 142 217 31 183 103 47 223 161 211 33 5  0
1000000000 32 231 217 85 244 64 176 142 241 168 129 240 205 119 211 185 234 120 242 59 196 83 92 128 181  0
1000000000 208 203 141 161 111 108 213 7 95 181 212 99 78 205 210 30 234 6 209 96 23 58 189 182 175  0
1000000000 33 26 189 115 183 22 107 34 86 168 84 113 236 197 224 249 204 154 227 46  0
1000000000 200 66 51 166 214 16 208 178 196 95 69 134 60 153 77 75 101 232 26  0
1000000000 233 195 56 18 159 206 109 105 65 234 163 17 98 129 157 231 196 27  0
1000000000 45 10 166 43 220 106 246 243 136 39 211 101 120 149 169 58 40 97 114 69 175 29 59 111 126  0
1000000000 195 87 185 89 31 229 86 130 129 19 187 144 161 169 119 249 10 45 216 121 180 81 114 111  0
1000000000 24 10 59 28 158 119 103 78 102 183 23 246 232 235 219 142 66 138 166 22 145 52  0
1000000000 8 22 76 211 96 201 223 30 234 45 106 231 19 127 174 249 58 160 185 131 111 16 193  0
1000000000 240 75 186 23 147 241 214 250 219 92 180 54 18 205 166 94 41 39 29 100 81 165 117 158 61 25 232 105  0
1000000000 206 37 63 85 109 161 83 215 113 166 87 7 11 231 229 58 22 96 192 183 156 168 134  0
1000000000 106 148 92 167 218 235 194 183 20 179 128 229 105 83 186 70 147 116 131 196 163  0
1000000000 50 247 17 145 33 75 64 109 101 205 98 13 148 223 45 242 154 106 150 217 227 87 176 97 100  0
1000000000 65 154 193 64 144 85 37 226 20 92 14 60 192 133 87 139 53 79 57 111 41 39 233 245 81 130  0
1000000000 30 232 190 76 60 55 14 167 168 80 89 58 248 202 117 100 148 161 93 145 149 174  0
1000000000 132 197 186 178 25 203 169 136 198 211 50 97 87 13 67 135 227 81 160  0
1000000000 224 21 221 100 119 205 217 69 168 206 48 159 63 26 250 123 93  0
1000000000 62 126 117 224 59 141 238 163 125 31 78 33 183 223 185  0
1000000000 136 181 184 212 166 16 132 14 126 221 161 187 76 87 104 191 164 82 53 249 36 199 44 33  0
1000000000 154 136 174 45 229 2 152 213 83 94 211 186 54 239 166 169  0
1000000000 4 84 102 178 73 215 74 3 54 79 158 198 175 18 167 238 103 147 172  0
1000000000 53 246 69 222 65 166 62 186 176 161 195 18 5 165 51 26 125 205 22 228 232 178 233  0
1000000000 104 158 41 166 229 112 65 71 125 184 150 50 189 21 230 25 186 58 157  0
1000000000 218 79 107 152 229 245 52 75 146 47 8 105 91 159 117 144 185 100 2 112 76 247  0
1000000000 246 47 125 113 163 196 180 54 4 233 198 44 146 199 220 120 143 144 158 150 23 249 176 56 74  0
1000000000 133 175 9 96 170 168 213 196 90 58 183 74 21 114 89 193  0
1000000000 34 205 228 111 209 199 93 29 236 141 86 172 169 244 249 108 4 87 27 5 41  0
1000000000 153 69 138 165 18 143 63 191 134 7 71 170 136 34 148 110 135 144 203 117 160 37 52 3 84 162 111  0
1000000000 20 191 50 182 199 197 8 78 238 41 25 16 108 236 228 57 211 103  0
1000000000 234 149 22 58 90 158 96 57 124 147 181 110 135 245 215 59 10 91 24 211 81 7 40 219 67 34 145 74 148 83  0
1000000000 213 61 107 91 233 66 58 53 34 212 40 244 159 38 200 1 220 198 148 113 112 18 249 152  0
1000000000 102 106 86 49 3 12 149 176 158 129 232 240 94 224 6 53 101 117 231 10 39 78 24 43 152  0
1000000000 38 141 162 117 46 55 64 125 25 203 193 80 154 37 104 1 189 217 152 215 99 96 157 33 211 54 237 213 27  0
1000000000 85 14 165 231 223 59 5 56 32 89 58 156 22 72 49 36 137 226 129 87 112 241 63 40 28  0
1000000000 200 66 206 139 51 169 228 74 104 165 50 62 22 18 223 45 181  0
1000000000 154 188 37 155 246 158 236 32 61 89 131 64 41 8 145 102 134 191 244 97 186 9  0
1000000000 95 38 219 119 83 167 249 189 110 215 129 246 184 228 88 42 28 84 111 164 13 157 179  0
1000000000 153 218 35 126 241 145 32 57 23 93 120 9 58 30 174 204 157 188  0
1000000000 175 191 16 199 117 135 15 145 37 32 225 187 12 63  0
1000000000 160 48 163 119 133 77 85 84 192 144 210 115 218 4 31  0
1000000000 152 174 36 119 94 105 30 146 77 214 169 130 239 117 134 73 229 32 60 84 187 64 61 57 35 27 181 236 55  0
1000000000 113 166 58 140 56 207 87 128 141 165 191 50 66 181 127 90 91 122 159 194 79 77 230  0
1000000000 210 228 12 107 185 113 224 43 140 101 225 160 1 21 65 227 52 87 163 84 146 222 170 172 167  0
1000000000 153 40 78 7 170 228 193 53 58 16 168 99 210 49 38 87 60 84 174 188 132 222 160 72  0
1000000000 93 117 204 41 37 179 232 182 43 234 245 83 225 110 220 137 171 116 51 205 4  0
1000000000 244 243 159 58 183 191 14 222 56 17 122 113 208 153 36 170 89 228 15  0
1000000000 70 72 100 168 27 52 187 87 113 213 6 249 30 164 7 15 78 151 147 161  0
1000000000 26 72 151 121 80 13 73 176 69 77 30 188 124 61 120 136 189 1 174 51 159 115 140 138 119 31 84 67 93 81 111  0
1000000000 59 32 65 1 35 154 18 233 30 12 124 148 33 71 6 132 37 214 205 151 162 177 189 69 248  0
1000000000 8 182 161 85 186 212 238 125 86 40 33 25 70 118 230 91 205 193 36 217 231 31 135  0
1000000000 138 238 52 57 111 212 45 84 117 123 20 187 143 19 96 211 235 147 181 31 62 177 201 13 85 63 47 68 216 200  0
1000000000 123 126 195 131 157 162 158 180 80 109 192 191 11 169 218 119  0
1000000000 183 63 75 46 228 162 72 227 37 202 6 101 15 32 53 245 77 205 155 221 223  0
1000000000 79 250 227 58 101 243 8 132 214 82 241 199 39 215 51 122 40 116 168  0
1 -58 0
1 -117 0
1 -119 0
1 -154 0
1 -161 0
1 -163 0
1 -178 0
1 -228 0
